#  Time    Ntot    k0     k1         k2     k3    k4      k5     k6     k7     k8     k9     k10    k11    k12    WD  k13 k14 k15
      0.0   103225  85958  17266      0      0      0      0      0      0      0      0      0      0      0      0   0   0  0 
    135.8    78319  62093  15522      5      0    123      3      3      0      0      0      0    147    342    489  64  16  0 
    271.6    59624  44367  14433     18      2    140      3      2      0      0      0      0    286    339    625  20  13  0 
    407.4    48783  34503  13389     14      6    190      7      3      0      0      0      0    307    332    639  19  12  0 
    543.2    40940  27630  12376      8      5    243      4      2      0      0      0      0    315    326    641  18  12  0 
    678.9    34592  22335  11310     16      8    287      4      2      0      0      0      0    294    310    604  13  12  0 
    814.7    28909  17839  10142     24     12    307      2      1      0      0      0      0    264    293    557  12  12  0 
    950.5    23569  13790   8897     28     16    288      2      3      0      0      0      0    239    284    523  10  11  0 
   1086.3    18249  10022   7443     16     30    243      5      4      0      0      0      0    207    258    465   9  11  0 
   1222.1    12364   6287   5444     22     20    207      4      2      0      0      0      0    145    212    357   9  11  0 
   1357.9     3740   1692   1813     12     14     48      2      1      0      0      0      0     55     86    141   5  11  0 
   1493.7      502    216    251      1      2      5      0      0      0      0      0      0      6     17     23   1   2  0 
   1629.5       69     28     38      0      1      0      0      0      0      0      0      0      0      0      0   0   1  0 
